2
223
0.35000000
1.00000000

0.00010000

1.00000000 1.00000000 1.00000000 1.00000000 1.00000000 1.00000000 1.00000000 1.00000000 1.00000000 1.00000000 1.00000000 1.00000000 1.00000000 1.00000000 1.00000000 1.00000000 1.00000000 1.00000000 1.00000000 1.00000000 1.00000000 1.00000000 1.00000000 1.00000000 1.00000000 1.00000000 1.00000000 1.00000000 1.00000000 1.00000000 1.00000000 1.00000000 1.00000000 1.00000000 1.00000000 1.00000000 1.00000000 1.00000000 1.00000000 1.00000000 1.00000000 1.00000000 1.00000000 1.00000000 1.00000000 1.00000000 1.00000000 1.00000000 1.00000000 1.00000000 1.00000000 1.00000000 1.00000000 1.00000000 1.00000000 1.00000000 1.00000000 1.00000000 1.00000000 1.00000000 1.00000000 1.00000000 1.00000000 1.00000000 1.00000000 1.00000000 1.00000000 1.00000000 1.00000000 1.00000000 1.00000000 1.00000000 1.00000000 1.00000000 1.00000000 1.00000000 1.00000000 1.00000000 1.00000000 1.00000000 1.00000000 1.00000000 1.00000000 1.00000000 1.00000000 1.00000000 1.00000000 1.00000000 1.00000000 1.00000000 1.00000000 1.00000000 1.00000000 1.00000000 1.00000000 1.00000000 1.00000000 1.00000000 1.00000000 1.00000000 1.00000000 1.00000000 1.00000000 1.00000000 1.00000000 1.00000000 1.00000000 1.00000000 1.00000000 1.00000000 1.00000000 1.00000000 1.00000000 1.00000000 1.00000000 1.00000000 1.00000000 1.00000000 1.00000000 1.00000000 1.00000000 1.00000000 1.00000000 1.00000000 1.00000000 1.00000000 1.00000000 1.00000000 1.00000000 1.00000000 1.00000000 1.00000000 1.00000000 1.00000000 1.00000000 1.00000000 1.00000000 1.00000000 1.00000000 1.00000000 1.00000000 1.00000000 1.00000000 1.00000000 1.00000000 1.00000000 1.00000000 1.00000000 1.00000000 1.00000000 1.00000000 1.00000000 1.00000000 1.00000000 1.00000000 1.00000000 1.00000000 1.00000000 1.00000000 1.00000000 1.00000000 1.00000000 1.00000000 1.00000000 1.00000000 1.00000000 1.00000000 1.00000000 1.00000000 1.00000000 1.00000000 1.00000000 1.00000000 1.00000000 1.00000000 1.00000000 1.00000000 1.00000000 1.00000000 1.00000000 1.00000000 1.00000000 1.00000000 1.00000000 1.00000000 1.00000000 1.00000000 1.00000000 1.00000000 1.00000000 1.00000000 1.00000000 1.00000000 1.00000000 1.00000000 1.00000000 1.00000000 1.00000000 1.00000000 1.00000000 1.00000000 1.00000000 1.00000000 1.00000000 1.00000000 1.00000000 1.00000000 1.00000000 1.00000000 1.00000000 1.00000000 1.00000000 1.00000000 1.00000000 1.00000000 1.00000000 1.00000000 1.00000000 1.00000000 1.00000000 1.00000000 1.00000000 1.00000000 

-0.01273667 -0.01058455 -0.00640715 -0.00043933 0.00633984 0.01398120 0.02281349 0.03374532 0.04682752 0.06241399 0.07932614 0.09561613 0.10924670 0.11959033 0.12573647 0.12858229 0.12932362 0.12890984 0.12614305 0.12078937 0.11181675 0.09832212 0.08096402 0.06059596 0.03811135 0.01429735 -0.00965625 -0.03350275 -0.05554860 -0.07664091 -0.09532588 -0.11040799 -0.12125926 -0.12802401 -0.13052041 -0.12864764 -0.12297800 -0.11384790 -0.10234284 -0.08933105 -0.07560485 -0.06215746 -0.04918923 -0.03630689 -0.02294826 -0.00926285 0.16033928 0.16365593 0.16907193 0.17737934 0.18748192 0.19688153 0.20904632 0.22463589 0.24250952 0.26127739 0.28170686 0.30232188 0.32142811 0.33746605 0.35190300 0.36636710 0.37936256 0.39127451 0.40773111 0.43077174 0.45606192 0.48100363 0.50822734 0.53668341 0.56082588 0.57941520 0.59751807 0.61996894 0.64244589 0.66100868 0.67746772 0.69724520 0.71503810 0.72844913 0.74135582 0.75828208 0.77778259 2.00899241 2.05547864 2.09906341 2.13950084 2.18113662 2.21958958 2.25050832 2.27688706 2.30315798 2.32933976 2.35024638 2.36822271 2.38822882 2.41236409 2.43455506 2.45375386 2.47340029 2.49899503 2.52839479 2.55604835 2.58161310 2.60798742 2.63751075 2.66543438 2.68888470 2.71586016 2.75175396 2.78896025 2.81967778 2.84586977 2.87601623 2.90829023 2.93562548 2.95999299 2.98892221 3.02326721 3.05462202 3.08128185 3.10874678 3.14226044 3.17578468 3.20567525 3.23619774 3.27144352 3.30894589 3.34355488 3.37591982 3.40977303 3.44669636 3.48168704 3.51688295 3.55535687 3.59890061 3.64214817 3.68154272 3.71885442 3.75920918 3.79877046 3.83395660 3.86573787 3.89936430 3.93724703 3.97258821 4.00236079 4.03093479 4.05874205 4.07694810 0.00859608 0.02287227 0.03694293 0.04946528 0.06058217 0.07093912 0.08095512 0.09038486 0.09918530 0.10796447 0.11641257 0.12416240 0.13034774 0.13558792 0.14073351 0.14557034 0.14942700 0.15200504 0.15423537 0.15664531 0.15847156 0.15842559 0.15768588 0.15785958 0.15821864 0.15701458 0.15487693 0.15473355 0.15700929 0.80482892 0.82010077 0.83553789 0.84934185 0.86253609 0.87671461 0.89355073 0.91479051 0.93942006 0.96319934 0.98722774 1.01070170 1.03630617 1.06122476 1.08504380 1.11003473 1.13974165 1.17008999 1.19968021 1.22993394 1.26038774 1.29095748 1.31841130 1.34378818 1.36920598 1.39523091 1.42054071 1.44539533 1.47102226 1.49725336 1.52522846 1.55297253 1.58048705 1.60955105 1.63981846 1.67159064 1.70510347 1.73984899 1.77519442 1.81205473 1.84954803 1.88709478 1.92475750 1.96434438 
-0.00049214 0.00731915 0.01857539 0.03242327 0.04761332 0.06424108 0.08657729 0.11625925 0.15236694 0.19400958 0.23854691 0.28229921 0.32136272 0.35412663 0.38347707 0.41376206 0.44479413 0.47730860 0.51122443 0.54671341 0.58379502 0.62376469 0.66229434 0.70048327 0.74112364 0.78389808 0.82455571 0.86248080 0.89924156 0.93779123 0.97475329 1.00987054 1.04721168 1.08639426 1.12567795 1.16448986 1.20256929 1.23740545 1.26960689 1.30166437 1.33480583 1.36537446 1.39249376 1.42196741 1.45790451 1.49550382 2.50294612 2.52976564 2.55751744 2.58814369 2.61800867 2.64141930 2.66315628 2.68744159 2.71220496 2.73493260 2.75796563 2.78352985 2.81042970 2.83570330 2.85919232 2.88214248 2.90234543 2.92009968 2.94040545 2.96575412 2.99332367 3.02226123 3.05417331 3.08742237 3.11564136 3.13910792 3.16236677 3.18875068 3.21438231 3.23739354 3.26005099 3.28569841 3.30930326 3.32888897 3.34823076 3.36929120 3.39059026 4.02243420 4.03678634 4.05020104 4.06237932 4.07475653 4.08666440 4.09686843 4.10550245 4.11418048 4.12138050 4.12600588 4.12867691 4.13085230 4.13190586 4.13059900 4.12717919 4.12322222 4.11935788 4.11531759 4.11203873 4.11002092 4.10813810 4.10558825 4.10238896 4.09931490 4.09674449 4.09427459 4.09189615 4.08990862 4.08769109 4.08491501 4.08194942 4.07971095 4.07800382 4.07600110 4.07388685 4.07186628 4.07031517 4.06902854 4.06812613 4.06834420 4.07001088 4.07317939 4.07764067 4.08328368 4.08988645 4.09730399 4.10458380 4.11135507 4.11760656 4.12448082 4.13106366 4.13655519 4.14088027 4.14437458 4.14647773 4.14650802 4.14510138 4.14329628 4.14169550 4.13927150 4.13621493 4.13286736 4.12967636 4.12560100 4.12126564 4.11740398 1.54306250 1.58588209 1.63240079 1.67627957 1.71418512 1.75262419 1.79620118 1.83952011 1.87830075 1.91777816 1.95999735 2.00104348 2.03485614 2.06377473 2.09594520 2.12837549 2.15686136 2.18103145 2.20801898 2.23816751 2.26796557 2.29251132 2.31615966 2.34379917 2.37258866 2.39700616 2.41764270 2.44231348 2.47244579 3.42076232 3.43999055 3.46040592 3.47989158 3.49839309 3.51664665 3.53475422 3.55238111 3.57049643 3.58777336 3.60484510 3.62085570 3.63690385 3.65228777 3.66654052 3.67924486 3.69281514 3.70608613 3.71935946 3.73300197 3.74652697 3.76087481 3.77468558 3.78798806 3.80059036 3.81254622 3.82360194 3.83475328 3.84589401 3.85689767 3.86806635 3.87844578 3.88838426 3.89771446 3.90654443 3.91563786 3.92582533 3.93712189 3.94844478 3.95973617 3.97178035 3.98427729 3.99649564 4.00886835 
